0 1 0.6
1 0 0.5
1 2 0.7
2 1 0.6
2 3 0.5
3 2 0.4
3 0 0.3
0 3 0.3
4 5 0.8
5 4 0.7
5 6 0.6
6 5 0.5
6 7 0.7
7 6 0.6
7 4 0.4
4 7 0.4
8 9 0.9
9 8 0.8
9 10 0.7
10 9 0.6
10 11 0.8
11 10 0.7
11 8 0.4
8 11 0.4
12 13 0.7
13 12 0.6
13 14 0.8
14 13 0.7
14 0 0.3
0 14 0.2
1 5 0.15
5 1 0.1
2 8 0.1
8 2 0.1
6 10 0.1
10 6 0.1
7 12 0.15
12 7 0.1
3 13 0.1
13 3 0.1
4 9 0.1
9 4 0.1
11 14 0.1
14 11 0.1
0 15 0.7
1 15 0.8
2 15 0.6
3 15 0.7
4 15 0.8
5 15 0.6
6 15 0.7
8 15 0.9
10 15 0.8
12 15 0.7
13 15 0.6
14 15 0.8
15 16 0.95
15 17 0.95
15 18 0.95
16 15 0.01
17 15 0.01
18 15 0.01
16 19 0.99
17 19 0.99
18 19 0.99
19 16 0.01
19 17 0.01
19 18 0.01
19 20 0.98
20 19 0.95
20 21 1.0
21 20 0.98
21 19 0.95
19 21 0.90
19 19 0.1
20 20 0.1
21 21 0.1
1 22 0.05
4 23 0.05
8 24 0.05
12 22 0.05
22 0 0.7
22 5 0.6
22 9 0.5
23 2 0.6
23 6 0.7
23 13 0.5
24 3 0.5
24 7 0.6
24 11 0.7
24 14 0.5