0 1 0.5
1 2 0.6
2 0 0.3
1 3 0.4
3 4 0.7
4 5 0.5
5 3 0.3
4 6 0.5
6 7 0.6
7 8 0.5
8 6 0.4
7 9 0.3
9 10 0.7
10 11 0.6
11 9 0.4
10 12 0.5
12 13 0.8
13 14 0.6
14 12 0.3
13 15 0.5
15 0 0.2
2 7 0.1
8 13 0.15
5 10 0.1
11 15 0.1
0 4 0.1
16 17 0.1
17 16 0.1
0 18 0.2
1 19 0.2
3 20 0.2
6 21 0.2
18 16 0.95
19 16 0.90
20 17 0.98
21 17 0.92
18 0 0.01
19 1 0.01
20 3 0.01
21 6 0.01
2 16 0.6
4 16 0.5
8 16 0.7
9 17 0.6
12 17 0.8
14 17 0.5
15 16 0.4
5 22 0.1
8 23 0.1
22 1 0.7
22 6 0.6
22 11 0.5
23 4 0.6
23 9 0.7
23 14 0.5